        dataset window_min  samples  P_HX_median_W  P_HX_p10_W  P_HX_p90_W  \
0         nomix        2-6      239     219.316895  173.784802  253.857784   
1         nomix       6-10      239     237.693693  197.100359  251.939350   
2         nomix      10-14      238     189.965245  156.447914  246.765170   
3         mixed        2-6      239     179.409639  104.793964  238.344605   
4         mixed       6-10      238     293.922649  248.288127  322.134466   
5         mixed      10-14      239     326.419087  311.813384  348.049990   
6   mixed_60psi        2-6      228     768.815047  695.469490  874.487988   
7   mixed_60psi       6-10      237     601.242748    1.366425  772.577062   
8   mixed_60psi      10-14       32      17.227227   13.285658   22.122310   
9          auto        2-6      239     215.794686  185.203303  256.780593   
10         auto       6-10      239     154.571060   26.462212  217.629132   
11         auto      10-14      142     130.204819  119.200288  151.946582   

    Heat_flux_median_W_m2  UA_median_W_per_K  UA_flux_median_W_per_m2K  \
0             1827.640795           6.064719                 50.539326   
1             1980.780778           4.023659                 33.530492   
2             1583.043706           2.077494                 17.312449   
3             1495.080321          57.668620                480.571831   
4             2449.355409          56.849437                473.745312   
5             2720.159060          40.302490                335.854082   
6             6406.792058           9.604903                 80.040860   
7             5010.356231           4.178344                 34.819530   
8              143.560225           0.127586                  1.063215   
9             1798.289051           7.015769                 58.464744   
10            1288.092170           5.464820                 45.540167   
11            1085.040157           4.902696                 40.855798   

    DeltaT_median_C  
0           37.2700  
1           58.1350  
2           91.4400  
3            2.7650  
4            5.0800  
5            8.1250  
6           86.0200  
7          142.5900  
8          128.9675  
9           30.7800  
10          28.6000  
11          26.9875  